name: WX_prs
channels:
  - conda-forge
  - defaults
dependencies:
  - asteval=0.9.13=pyh24bf2e0_0
  - backports=1.0=py_2
  - backports.functools_lru_cache=1.5=py_1
  - backports_abc=0.5=py_1
  - blas=1.0=mkl
  - ca-certificates=2019.3.9=hecc5488_0
  - certifi=2019.3.9=py27_0
  - cycler=0.10.0=py_1
  - docutils=0.14=py27_1001
  - freetype=2.9.1=hd7a5a12_1005
  - functools32=3.2.3.2=py_3
  - futures=3.2.0=py27_1000
  - icc_rt=2019.0.0=h0cc432a_1
  - icu=58.2=vc9_0
  - intel-openmp=2019.1=144
  - jpeg=9c=h0c8e037_1001
  - kiwisolver=1.0.1=py27hdc96acc_1002
  - libpng=1.6.36=h7a46e7a_1000
  - lmfit=0.9.12=pyh24bf2e0_0
  - matplotlib=2.2.3=py27h8a2030e_1
  - matplotlib-base=2.2.3=py27hf194043_1
  - mkl=2019.1=144
  - mkl_fft=1.0.10=py27_0
  - numpy=1.16.2=py27h5fc8d92_0
  - numpy-base=1.16.2=py27hb1d0314_0
  - openssl=1.0.2r=h0c8e037_0
  - pandas=0.24.1=py27hc56fc5f_0
  - pip=19.0.3=py27_0
  - pyparsing=2.3.1=py_0
  - pyqt=5.6.0=py27h4cbc711_1008
  - python=2.7.15=h2880e7c_1008
  - python-dateutil=2.8.0=py_0
  - pytz=2018.9=py_0
  - qt=5.6.2=vc9_1
  - scikit-learn=0.20.2=py27hf381715_0
  - scipy=1.2.1=py27h4c3ab11_0
  - setuptools=40.8.0=py27_0
  - singledispatch=3.4.0.3=py27_1000
  - sip=4.18.1=py27hc56fc5f_1000
  - six=1.12.0=py27_1000
  - statistics=1.0.3.5=py27_1001
  - tornado=5.1.1=py27h0c8e037_1000
  - uncertainties=3.0.3=py27_1000
  - vc=9=0
  - vs2008_runtime=9.0.30729.6161=0
  - vs2015_runtime=14.0.25420=0
  - wheel=0.33.1=py27_0
  - wincertstore=0.2=py27_1002
  - zlib=1.2.11=h3cc03e0_1004
prefix: C:\Users\cshuler\AppData\Local\Continuum\anaconda3\envs\WX_prs

